0.00000 -2.14024 1.37361 3.41484 8.23230 8.33107 18.39409 18.39433
0.00334 -2.14024 1.37360 3.41486 8.23067 8.33272 18.37441 18.41402
0.00669 -2.14024 1.37358 3.41492 8.22606 8.33737 18.35461 18.43385
0.01003 -2.14024 1.37355 3.41503 8.21913 8.34436 18.33483 18.45369
0.01338 -2.14024 1.37350 3.41518 8.21057 8.35302 18.31507 18.47354
0.01672 -2.14024 1.37343 3.41537 8.20089 8.36281 18.29531 18.49340
0.02007 -2.14023 1.37335 3.41561 8.19046 8.37339 18.27556 18.51327
0.02341 -2.14023 1.37326 3.41589 8.17951 8.38451 18.25583 18.53316
0.02676 -2.14022 1.37316 3.41621 8.16819 8.39601 18.23611 18.55305
0.03010 -2.14022 1.37304 3.41657 8.15662 8.40781 18.21639 18.57296
0.03344 -2.14021 1.37290 3.41698 8.14485 8.41983 18.19669 18.59288
0.03679 -2.14021 1.37275 3.41743 8.13294 8.43201 18.17701 18.61281
0.04013 -2.14020 1.37259 3.41792 8.12093 8.44432 18.15733 18.63275
0.04348 -2.14019 1.37241 3.41846 8.10883 8.45675 18.13766 18.65270
0.04682 -2.14019 1.37222 3.41904 8.09666 8.46926 18.11801 18.67267
0.05017 -2.14018 1.37202 3.41966 8.08445 8.48185 18.09837 18.69264
0.05351 -2.14017 1.37180 3.42032 8.07220 8.49450 18.07874 18.71263
0.05686 -2.14016 1.37156 3.42102 8.05992 8.50721 18.05912 18.73263
0.06020 -2.14015 1.37132 3.42177 8.04762 8.51997 18.03951 18.75264
0.06355 -2.14014 1.37106 3.42256 8.03530 8.53277 18.01992 18.77266
0.06689 -2.14013 1.37078 3.42339 8.02297 8.54561 18.00033 18.79269
0.07023 -2.14011 1.37049 3.42427 8.01063 8.55849 17.98076 18.81274
0.07358 -2.14010 1.37019 3.42519 7.99828 8.57140 17.96120 18.83280
0.07692 -2.14009 1.36988 3.42615 7.98593 8.58433 17.94165 18.85287
0.08027 -2.14008 1.36955 3.42715 7.97357 8.59730 17.92211 18.87294
0.08361 -2.14006 1.36921 3.42819 7.96122 8.61029 17.90258 18.89304
0.08696 -2.14005 1.36885 3.42928 7.94887 8.62331 17.88307 18.91314
0.09030 -2.14003 1.36848 3.43040 7.93652 8.63635 17.86357 18.93325
0.09365 -2.14002 1.36810 3.43157 7.92417 8.64941 17.84407 18.95338
0.09699 -2.14000 1.36770 3.43279 7.91183 8.66249 17.82459 18.97352
0.10033 -2.13998 1.36729 3.43404 7.89950 8.67560 17.80512 18.99366
0.10368 -2.13996 1.36687 3.43533 7.88717 8.68872 17.78567 19.01382
0.10702 -2.13995 1.36644 3.43667 7.87485 8.70186 17.76622 19.03400
0.11037 -2.13993 1.36599 3.43805 7.86253 8.71502 17.74679 19.05418
0.11371 -2.13991 1.36553 3.43947 7.85023 8.72820 17.72736 19.07437
0.11706 -2.13989 1.36506 3.44093 7.83793 8.74140 17.70795 19.09458
0.12040 -2.13987 1.36457 3.44243 7.82565 8.75461 17.68855 19.11480
0.12375 -2.13985 1.36407 3.44397 7.81337 8.76784 17.66917 19.13503
0.12709 -2.13983 1.36356 3.44555 7.80110 8.78108 17.64979 19.15527
0.13043 -2.13980 1.36304 3.44718 7.78884 8.79435 17.63042 19.17552
0.13378 -2.13978 1.36250 3.44884 7.77659 8.80762 17.61107 19.19578
0.13712 -2.13976 1.36195 3.45055 7.76436 8.82092 17.59173 19.21606
0.14047 -2.13974 1.36139 3.45230 7.75213 8.83423 17.57240 19.23635
0.14381 -2.13971 1.36082 3.45409 7.73991 8.84755 17.55308 19.25664
0.14716 -2.13969 1.36024 3.45591 7.72771 8.86089 17.53377 19.27695
0.15050 -2.13966 1.35964 3.45778 7.71552 8.87424 17.51448 19.29728
0.15385 -2.13964 1.35904 3.45969 7.70334 8.88761 17.49519 19.31761
0.15719 -2.13961 1.35842 3.46164 7.69117 8.90100 17.47592 19.33795
0.16054 -2.13958 1.35779 3.46363 7.67901 8.91439 17.45666 19.35831
0.16388 -2.13956 1.35714 3.46566 7.66686 8.92781 17.43741 19.37868
0.16722 -2.13953 1.35649 3.46772 7.65473 8.94123 17.41817 19.39905
0.17057 -2.13950 1.35583 3.46983 7.64261 8.95467 17.39895 19.41944
0.17391 -2.13947 1.35515 3.47198 7.63050 8.96813 17.37973 19.43985
0.17726 -2.13944 1.35446 3.47417 7.61840 8.98159 17.36053 19.46026
0.18060 -2.13941 1.35377 3.47639 7.60632 8.99508 17.34134 19.48068
0.18395 -2.13938 1.35306 3.47866 7.59425 9.00857 17.32216 19.50112
0.18729 -2.13935 1.35234 3.48096 7.58219 9.02208 17.30299 19.52157
0.19064 -2.13932 1.35161 3.48330 7.57014 9.03560 17.28383 19.54203
0.19398 -2.13929 1.35087 3.48569 7.55811 9.04914 17.26469 19.56250
0.19732 -2.13926 1.35012 3.48811 7.54608 9.06269 17.24555 19.58298
0.20067 -2.13922 1.34936 3.49057 7.53408 9.07625 17.22643 19.60347
0.20401 -2.13919 1.34859 3.49306 7.52208 9.08983 17.20732 19.62398
0.20736 -2.13916 1.34781 3.49560 7.51010 9.10342 17.18822 19.64449
0.21070 -2.13912 1.34702 3.49817 7.49813 9.11703 17.16913 19.66502
0.21405 -2.13909 1.34623 3.50078 7.48617 9.13064 17.15006 19.68556
0.21739 -2.13905 1.34542 3.50343 7.47423 9.14427 17.13099 19.70611
0.22074 -2.13902 1.34460 3.50612 7.46230 9.15792 17.11194 19.72668
0.22408 -2.13898 1.34377 3.50884 7.45039 9.17157 17.09290 19.74725
0.22742 -2.13895 1.34294 3.51161 7.43848 9.18524 17.07387 19.76784
0.23077 -2.13891 1.34209 3.51441 7.42660 9.19893 17.05485 19.78843
0.23411 -2.13887 1.34124 3.51724 7.41472 9.21262 17.03584 19.80904
0.23746 -2.13884 1.34038 3.52012 7.40286 9.22633 17.01685 19.82966
0.24080 -2.13880 1.33950 3.52303 7.39101 9.24005 16.99787 19.85029
0.24415 -2.13876 1.33863 3.52597 7.37917 9.25379 16.97889 19.87093
0.24749 -2.13872 1.33774 3.52896 7.36735 9.26753 16.95993 19.89159
0.25084 -2.13868 1.33684 3.53198 7.35554 9.28130 16.94098 19.91225
0.25418 -2.13864 1.33594 3.53503 7.34375 9.29507 16.92205 19.93293
0.25753 -2.13860 1.33503 3.53812 7.33197 9.30886 16.90312 19.95362
0.26087 -2.13856 1.33411 3.54125 7.32020 9.32265 16.88421 19.97432
0.26421 -2.13852 1.33318 3.54441 7.30845 9.33647 16.86531 19.99503
0.26756 -2.13848 1.33225 3.54761 7.29671 9.35029 16.84642 20.01576
0.27090 -2.13844 1.33131 3.55085 7.28499 9.36413 16.82754 20.03649
0.27425 -2.13839 1.33036 3.55412 7.27328 9.37798 16.80867 20.05724
0.27759 -2.13835 1.32940 3.55742 7.26158 9.39184 16.78981 20.07799
0.28094 -2.13831 1.32844 3.56076 7.24990 9.40572 16.77097 20.09876
0.28428 -2.13827 1.32747 3.56414 7.23823 9.41961 16.75214 20.11954
0.28763 -2.13822 1.32649 3.56755 7.22657 9.43351 16.73331 20.14034
0.29097 -2.13818 1.32551 3.57099 7.21493 9.44742 16.71450 20.16114
0.29431 -2.13813 1.32452 3.57447 7.20331 9.46135 16.69571 20.18195
0.29766 -2.13809 1.32353 3.57798 7.19169 9.47529 16.67692 20.20278
0.30100 -2.13804 1.32253 3.58153 7.18010 9.48924 16.65814 20.22362
0.30435 -2.13800 1.32152 3.58511 7.16851 9.50321 16.63938 20.24447
0.30769 -2.13795 1.32051 3.58872 7.15694 9.51718 16.62063 20.26533
0.31104 -2.13791 1.31949 3.59237 7.14539 9.53117 16.60189 20.28620
0.31438 -2.13786 1.31847 3.59605 7.13385 9.54518 16.58316 20.30709
0.31773 -2.13781 1.31744 3.59976 7.12232 9.55919 16.56444 20.32798
0.32107 -2.13777 1.31640 3.60351 7.11081 9.57322 16.54574 20.34889
0.32441 -2.13772 1.31536 3.60729 7.09932 9.58726 16.52705 20.36981
0.32776 -2.13767 1.31432 3.61110 7.08783 9.60131 16.50836 20.39074
0.33110 -2.13762 1.31327 3.61495 7.07636 9.61538 16.48969 20.41168
0.33445 -2.13757 1.31222 3.61882 7.06491 9.62945 16.47103 20.43263
0.33779 -2.13752 1.31116 3.62273 7.05347 9.64354 16.45239 20.45359
0.34114 -2.13748 1.31010 3.62667 7.04205 9.65765 16.43375 20.47457
0.34448 -2.13743 1.30903 3.63065 7.03064 9.67176 16.41513 20.49556
0.34783 -2.13738 1.30796 3.63465 7.01925 9.68589 16.39651 20.51655
0.35117 -2.13733 1.30689 3.63869 7.00787 9.70003 16.37791 20.53756
0.35452 -2.13728 1.30581 3.64276 6.99650 9.71418 16.35932 20.55859
0.35786 -2.13723 1.30473 3.64686 6.98515 9.72835 16.34075 20.57962
0.36120 -2.13718 1.30364 3.65099 6.97382 9.74252 16.32218 20.60066
0.36455 -2.13713 1.30256 3.65515 6.96250 9.75671 16.30363 20.62172
0.36789 -2.13707 1.30146 3.65934 6.95119 9.77092 16.28508 20.64279
0.37124 -2.13702 1.30037 3.66356 6.93991 9.78513 16.26655 20.66386
0.37458 -2.13697 1.29927 3.66782 6.92863 9.79936 16.24803 20.68495
0.37793 -2.13692 1.29817 3.67210 6.91737 9.81360 16.22952 20.70606
0.38127 -2.13687 1.29707 3.67641 6.90613 9.82785 16.21103 20.72717
0.38462 -2.13682 1.29596 3.68075 6.89490 9.84211 16.19254 20.74829
0.38796 -2.13676 1.29486 3.68513 6.88369 9.85639 16.17407 20.76943
0.39130 -2.13671 1.29375 3.68953 6.87249 9.87068 16.15561 20.79058
0.39465 -2.13666 1.29264 3.69396 6.86131 9.88498 16.13716 20.81174
0.39799 -2.13660 1.29152 3.69842 6.85014 9.89929 16.11872 20.83291
0.40134 -2.13655 1.29041 3.70291 6.83899 9.91362 16.10029 20.85409
0.40468 -2.13650 1.28929 3.70743 6.82785 9.92796 16.08188 20.87528
0.40803 -2.13644 1.28817 3.71198 6.81673 9.94231 16.06347 20.89649
0.41137 -2.13639 1.28705 3.71655 6.80563 9.95667 16.04508 20.91770
0.41472 -2.13634 1.28593 3.72116 6.79454 9.97105 16.02670 20.93893
0.41806 -2.13628 1.28481 3.72579 6.78346 9.98543 16.00833 20.96017
0.42140 -2.13623 1.28368 3.73045 6.77241 9.99983 15.98998 20.98142
0.42475 -2.13617 1.28256 3.73514 6.76136 10.01425 15.97163 21.00268
0.42809 -2.13612 1.28143 3.73985 6.75034 10.02867 15.95330 21.02395
0.43144 -2.13606 1.28031 3.74460 6.73933 10.04311 15.93497 21.04524
0.43478 -2.13601 1.27918 3.74937 6.72833 10.05756 15.91666 21.06653
0.43813 -2.13595 1.27805 3.75416 6.71736 10.07202 15.89837 21.08784
0.44147 -2.13590 1.27693 3.75899 6.70639 10.08649 15.88008 21.10916
0.44482 -2.13584 1.27580 3.76384 6.69545 10.10098 15.86180 21.13049
0.44816 -2.13579 1.27467 3.76872 6.68452 10.11547 15.84354 21.15183
0.45151 -2.13573 1.27354 3.77362 6.67361 10.12999 15.82529 21.17319
0.45485 -2.13568 1.27242 3.77855 6.66271 10.14451 15.80705 21.19455
0.45819 -2.13562 1.27129 3.78351 6.65183 10.15904 15.78882 21.21593
0.46154 -2.13556 1.27017 3.78849 6.64097 10.17359 15.77060 21.23732
0.46488 -2.13551 1.26904 3.79350 6.63012 10.18815 15.75239 21.25872
0.46823 -2.13545 1.26792 3.79853 6.61929 10.20272 15.73420 21.28013
0.47157 -2.13540 1.26679 3.80359 6.60848 10.21730 15.71602 21.30155
0.47492 -2.13534 1.26567 3.80867 6.59768 10.23190 15.69785 21.32298
0.47826 -2.13528 1.26455 3.81378 6.58690 10.24651 15.67969 21.34443
0.48161 -2.13523 1.26343 3.81892 6.57614 10.26113 15.66154 21.36588
0.48495 -2.13517 1.26231 3.82407 6.56539 10.27576 15.64340 21.38735
0.48829 -2.13512 1.26119 3.82926 6.55466 10.29040 15.62528 21.40883
0.49164 -2.13506 1.26008 3.83446 6.54395 10.30506 15.60717 21.43032
0.49498 -2.13500 1.25896 3.83970 6.53325 10.31973 15.58906 21.45183
0.49833 -2.13495 1.25785 3.84495 6.52258 10.33441 15.57097 21.47334
0.50167 -2.13489 1.25674 3.85023 6.51192 10.34910 15.55290 21.49486
0.50502 -2.13483 1.25563 3.85553 6.50127 10.36381 15.53483 21.51640
0.50836 -2.13478 1.25453 3.86086 6.49065 10.37853 15.51678 21.53795
0.51171 -2.13472 1.25342 3.86621 6.48004 10.39326 15.49873 21.55951
0.51505 -2.13467 1.25232 3.87158 6.46945 10.40800 15.48070 21.58108
0.51839 -2.13461 1.25122 3.87697 6.45888 10.42275 15.46268 21.60266
0.52174 -2.13455 1.25013 3.88239 6.44833 10.43752 15.44468 21.62426
0.52508 -2.13450 1.24903 3.88783 6.43779 10.45230 15.42668 21.64586
0.52843 -2.13444 1.24794 3.89329 6.42727 10.46709 15.40869 21.66748
0.53177 -2.13438 1.24685 3.89877 6.41677 10.48189 15.39072 21.68911
0.53512 -2.13433 1.24577 3.90428 6.40629 10.49671 15.37276 21.71074
0.53846 -2.13427 1.24469 3.90981 6.39583 10.51153 15.35481 21.73240
0.54181 -2.13422 1.24361 3.91535 6.38539 10.52637 15.33687 21.75406
0.54515 -2.13416 1.24254 3.92092 6.37496 10.54122 15.31895 21.77573
0.54849 -2.13410 1.24146 3.92651 6.36455 10.55609 15.30103 21.79742
0.55184 -2.13405 1.24040 3.93212 6.35417 10.57096 15.28313 21.81911
0.55518 -2.13399 1.23933 3.93776 6.34380 10.58585 15.26524 21.84082
0.55853 -2.13394 1.23827 3.94341 6.33345 10.60075 15.24736 21.86254
0.56187 -2.13388 1.23722 3.94908 6.32312 10.61566 15.22949 21.88427
0.56522 -2.13383 1.23616 3.95477 6.31281 10.63058 15.21163 21.90602
0.56856 -2.13377 1.23511 3.96048 6.30251 10.64552 15.19379 21.92777
0.57191 -2.13372 1.23407 3.96621 6.29224 10.66047 15.17596 21.94953
0.57525 -2.13366 1.23303 3.97197 6.28199 10.67543 15.15814 21.97131
0.57860 -2.13361 1.23199 3.97773 6.27176 10.69040 15.14033 21.99310
0.58194 -2.13355 1.23096 3.98352 6.26154 10.70538 15.12253 22.01490
0.58528 -2.13350 1.22994 3.98933 6.25135 10.72038 15.10474 22.03671
0.58863 -2.13344 1.22891 3.99515 6.24118 10.73539 15.08697 22.05853
0.59197 -2.13339 1.22790 4.00100 6.23103 10.75041 15.06920 22.08037
0.59532 -2.13333 1.22688 4.00686 6.22090 10.76544 15.05145 22.10221
0.59866 -2.13328 1.22588 4.01274 6.21079 10.78048 15.03371 22.12407
0.60201 -2.13323 1.22487 4.01863 6.20070 10.79554 15.01599 22.14594
0.60535 -2.13317 1.22388 4.02455 6.19063 10.81061 14.99827 22.16782
0.60870 -2.13312 1.22288 4.03048 6.18058 10.82569 14.98056 22.18971
0.61204 -2.13307 1.22190 4.03642 6.17056 10.84078 14.96287 22.21161
0.61538 -2.13301 1.22091 4.04239 6.16056 10.85589 14.94519 22.23352
0.61873 -2.13296 1.21994 4.04836 6.15058 10.87100 14.92752 22.25545
0.62207 -2.13291 1.21897 4.05436 6.14062 10.88613 14.90986 22.27739
0.62542 -2.13285 1.21800 4.06037 6.13068 10.90127 14.89222 22.29933
0.62876 -2.13280 1.21704 4.06639 6.12076 10.91642 14.87458 22.32129
0.63211 -2.13275 1.21609 4.07243 6.11087 10.93159 14.85696 22.34326
0.63545 -2.13270 1.21514 4.07849 6.10100 10.94676 14.83935 22.36525
0.63880 -2.13265 1.21420 4.08456 6.09116 10.96195 14.82175 22.38724
0.64214 -2.13259 1.21326 4.09064 6.08134 10.97715 14.80416 22.40925
0.64548 -2.13254 1.21233 4.09674 6.07154 10.99237 14.78659 22.43126
0.64883 -2.13249 1.21141 4.10285 6.06176 11.00759 14.76902 22.45329
0.65217 -2.13244 1.21049 4.10897 6.05201 11.02283 14.75147 22.47533
0.65552 -2.13239 1.20958 4.11511 6.04228 11.03808 14.73393 22.49738
0.65886 -2.13234 1.20867 4.12126 6.03258 11.05334 14.71640 22.51944
0.66221 -2.13229 1.20777 4.12742 6.02291 11.06861 14.69888 22.54152
0.66555 -2.13224 1.20688 4.13359 6.01325 11.08389 14.68138 22.56360
0.66890 -2.13219 1.20600 4.13977 6.00363 11.09919 14.66388 22.58570
0.67224 -2.13214 1.20512 4.14597 5.99403 11.11450 14.64640 22.60781
0.67559 -2.13210 1.20425 4.15217 5.98446 11.12982 14.62893 22.62993
0.67893 -2.13205 1.20338 4.15839 5.97491 11.14515 14.61147 22.65206
0.68227 -2.13200 1.20252 4.16461 5.96539 11.16050 14.59402 22.67420
0.68562 -2.13195 1.20167 4.17085 5.95589 11.17585 14.57659 22.69635
0.68896 -2.13190 1.20083 4.17709 5.94643 11.19122 14.55917 22.71852
0.69231 -2.13186 1.19999 4.18334 5.93699 11.20660 14.54175 22.74070
0.69565 -2.13181 1.19916 4.18960 5.92758 11.22199 14.52435 22.76288
0.69900 -2.13176 1.19834 4.19587 5.91820 11.23740 14.50696 22.78508
0.70234 -2.13172 1.19752 4.20215 5.90885 11.25281 14.48959 22.80729
0.70569 -2.13167 1.19671 4.20843 5.89953 11.26824 14.47222 22.82952
0.70903 -2.13163 1.19591 4.21472 5.89024 11.28368 14.45487 22.85175
0.71237 -2.13158 1.19512 4.22101 5.88097 11.29913 14.43753 22.87399
0.71572 -2.13154 1.19433 4.22731 5.87174 11.31460 14.42020 22.89625
0.71906 -2.13149 1.19355 4.23361 5.86254 11.33007 14.40288 22.91852
0.72241 -2.13145 1.19278 4.23992 5.85338 11.34556 14.38557 22.94080
0.72575 -2.13141 1.19202 4.24623 5.84424 11.36106 14.36828 22.96309
0.72910 -2.13136 1.19126 4.25254 5.83514 11.37657 14.35099 22.98539
0.73244 -2.13132 1.19052 4.25886 5.82607 11.39209 14.33372 23.00770
0.73579 -2.13128 1.18978 4.26517 5.81704 11.40763 14.31646 23.03003
0.73913 -2.13124 1.18905 4.27149 5.80804 11.42318 14.29922 23.05237
0.74247 -2.13119 1.18832 4.27781 5.79907 11.43874 14.28198 23.07471
0.74582 -2.13115 1.18761 4.28413 5.79015 11.45431 14.26475 23.09707
0.74916 -2.13111 1.18690 4.29044 5.78126 11.46989 14.24754 23.11944
0.75251 -2.13107 1.18620 4.29676 5.77240 11.48549 14.23034 23.14182
0.75585 -2.13103 1.18551 4.30307 5.76359 11.50109 14.21315 23.16422
0.75920 -2.13099 1.18483 4.30938 5.75481 11.51671 14.19597 23.18662
0.76254 -2.13095 1.18415 4.31568 5.74607 11.53234 14.17881 23.20904
0.76589 -2.13091 1.18349 4.32198 5.73738 11.54798 14.16165 23.23147
0.76923 -2.13088 1.18283 4.32827 5.72872 11.56364 14.14451 23.25391
0.77258 -2.13084 1.18218 4.33456 5.72011 11.57930 14.12738 23.27636
0.77592 -2.13080 1.18154 4.34084 5.71154 11.59498 14.11026 23.29882
0.77926 -2.13076 1.18091 4.34710 5.70302 11.61067 14.09316 23.32129
0.78261 -2.13073 1.18028 4.35336 5.69454 11.62637 14.07606 23.34378
0.78595 -2.13069 1.17967 4.35961 5.68610 11.64209 14.05898 23.36627
0.78930 -2.13065 1.17906 4.36585 5.67772 11.65781 14.04191 23.38878
0.79264 -2.13062 1.17847 4.37207 5.66938 11.67355 14.02484 23.41130
0.79599 -2.13058 1.17788 4.37827 5.66109 11.68930 14.00780 23.43383
0.79933 -2.13055 1.17730 4.38447 5.65285 11.70506 13.99076 23.45637
0.80268 -2.13052 1.17673 4.39064 5.64466 11.72084 13.97374 23.47892
0.80602 -2.13048 1.17616 4.39680 5.63653 11.73662 13.95672 23.50149
0.80936 -2.13045 1.17561 4.40293 5.62845 11.75242 13.93972 23.52406
0.81271 -2.13042 1.17507 4.40905 5.62043 11.76823 13.92273 23.54665
0.81605 -2.13039 1.17453 4.41514 5.61247 11.78405 13.90575 23.56925
0.81940 -2.13036 1.17401 4.42121 5.60456 11.79988 13.88879 23.59186
0.82274 -2.13032 1.17349 4.42725 5.59672 11.81572 13.87183 23.61448
0.82609 -2.13029 1.17298 4.43326 5.58894 11.83158 13.85489 23.63711
0.82943 -2.13026 1.17248 4.43925 5.58122 11.84745 13.83796 23.65976
0.83278 -2.13023 1.17199 4.44520 5.57357 11.86333 13.82104 23.68241
0.83612 -2.13021 1.17151 4.45112 5.56598 11.87922 13.80413 23.70508
0.83946 -2.13018 1.17104 4.45700 5.55847 11.89512 13.78724 23.72776
0.84281 -2.13015 1.17058 4.46285 5.55102 11.91104 13.77036 23.75045
0.84615 -2.13012 1.17013 4.46866 5.54366 11.92696 13.75348 23.77315
0.84950 -2.13010 1.16969 4.47442 5.53636 11.94290 13.73662 23.79586
0.85284 -2.13007 1.16925 4.48014 5.52915 11.95885 13.71978 23.81859
0.85619 -2.13004 1.16883 4.48582 5.52202 11.97482 13.70294 23.84132
0.85953 -2.13002 1.16841 4.49144 5.51497 11.99079 13.68611 23.86407
0.86288 -2.12999 1.16801 4.49702 5.50800 12.00678 13.66930 23.88683
0.86622 -2.12997 1.16761 4.50254 5.50113 12.02278 13.65250 23.90960
0.86957 -2.12995 1.16723 4.50800 5.49434 12.03879 13.63571 23.93238
0.87291 -2.12992 1.16685 4.51341 5.48765 12.05481 13.61893 23.95517
0.87625 -2.12990 1.16648 4.51875 5.48106 12.07084 13.60217 23.97797
0.87960 -2.12988 1.16613 4.52402 5.47457 12.08689 13.58541 24.00079
0.88294 -2.12986 1.16578 4.52922 5.46818 12.10294 13.56867 24.02362
0.88629 -2.12984 1.16544 4.53436 5.46190 12.11901 13.55194 24.04645
0.88963 -2.12982 1.16511 4.53941 5.45573 12.13509 13.53522 24.06930
0.89298 -2.12980 1.16480 4.54439 5.44967 12.15119 13.51852 24.09216
0.89632 -2.12978 1.16449 4.54928 5.44373 12.16729 13.50182 24.11504
0.89967 -2.12976 1.16419 4.55408 5.43792 12.18341 13.48514 24.13792
0.90301 -2.12974 1.16390 4.55880 5.43222 12.19953 13.46847 24.16082
0.90635 -2.12972 1.16362 4.56341 5.42666 12.21567 13.45181 24.18372
0.90970 -2.12971 1.16335 4.56793 5.42123 12.23183 13.43516 24.20664
0.91304 -2.12969 1.16309 4.57235 5.41594 12.24799 13.41852 24.22957
0.91639 -2.12967 1.16284 4.57665 5.41079 12.26416 13.40190 24.25251
0.91973 -2.12966 1.16260 4.58085 5.40578 12.28035 13.38529 24.27546
0.92308 -2.12964 1.16237 4.58493 5.40093 12.29655 13.36869 24.29842
0.92642 -2.12963 1.16215 4.58889 5.39623 12.31276 13.35210 24.32140
0.92977 -2.12961 1.16194 4.59272 5.39169 12.32898 13.33552 24.34439
0.93311 -2.12960 1.16174 4.59642 5.38732 12.34522 13.31896 24.36738
0.93645 -2.12959 1.16155 4.59998 5.38312 12.36146 13.30240 24.39039
0.93980 -2.12958 1.16137 4.60341 5.37908 12.37772 13.28586 24.41341
0.94314 -2.12957 1.16120 4.60669 5.37523 12.39399 13.26933 24.43644
0.94649 -2.12956 1.16104 4.60982 5.37156 12.41027 13.25282 24.45949
0.94983 -2.12955 1.16089 4.61280 5.36808 12.42656 13.23631 24.48254
0.95318 -2.12954 1.16075 4.61563 5.36479 12.44287 13.21982 24.50561
0.95652 -2.12953 1.16062 4.61829 5.36169 12.45918 13.20333 24.52868
0.95987 -2.12952 1.16050 4.62078 5.35880 12.47551 13.18686 24.55177
0.96321 -2.12951 1.16039 4.62310 5.35611 12.49185 13.17041 24.57487
0.96656 -2.12950 1.16029 4.62525 5.35362 12.50820 13.15396 24.59798
0.96990 -2.12950 1.16020 4.62722 5.35135 12.52456 13.13753 24.62111
0.97324 -2.12949 1.16012 4.62901 5.34930 12.54094 13.12110 24.64424
0.97659 -2.12949 1.16005 4.63061 5.34746 12.55732 13.10469 24.66739
0.97993 -2.12948 1.15999 4.63202 5.34585 12.57372 13.08829 24.69054
0.98328 -2.12948 1.15994 4.63325 5.34446 12.59013 13.07191 24.71371
0.98662 -2.12947 1.15990 4.63428 5.34330 12.60655 13.05553 24.73689
0.98997 -2.12947 1.15987 4.63512 5.34236 12.62299 13.03917 24.76008
0.99331 -2.12947 1.15985 4.63576 5.34166 12.63943 13.02282 24.78329
0.99666 -2.12946 1.15984 4.63620 5.34118 12.65588 13.00648 24.80650
1.00000 -2.12946 1.15984 4.63645 5.34094 12.67235 12.99016 24.82972
